[11][6]:
11100000000
00111000000
00001100000--
00000110000--
00000011100
00000000111
[12][6]:
111000000000
001110000000
000011000000--
000000110000--
000000011100
000000000111
[12][7]:
111000000000
001110000000
000011000000
000001100000--
000000110000
000000011100
000000000111
[17][6]:
11110000000000000
00011110000000000
00000011100000000--
00000000111000000--
00000000001111000
00000000000001111
[18][6]:
111100000000000000
000111100000000000
000000111000000000--
000000000111000000--
000000000001111000
000000000000001111
[19][7]:
1111000000000000000
0001111000000000000
0000001110000000000
0000000011100000000--
0000000000111000000
0000000000001111000
0000000000000001111
[19][10]:
1110000000000000000
0011100000000000000
0000111000000000000
0000001110000000000
0000000011000000000--
0000000001100000000--
0000000000111000000
0000000000001110000
0000000000000011100
0000000000000000111
[23][6]:
11111000000000000000000
00001111100000000000000
00000000111100000000000--
00000000000111100000000--
00000000000000111110000
00000000000000000011111
[24][6]:
111110000000000000000000
000011111000000000000000
000000001111000000000000--
000000000000111100000000--
000000000000000111110000
000000000000000000011111
[24][7]:
111100000000000000000000
000111110000000000000000
000000011110000000000000
000000000011110000000000--
000000000000011110000000
000000000000000011111000
000000000000000000001111



[19][13]:
1100000000000000000
0110000000000000000
0011000000000000000
0001110000000000000
0000011100000000000
0000000110000000000
0000000011100000000--
0000000000110000000
0000000000011100000
0000000000000111000
0000000000000001100
0000000000000000110
0000000000000000011